-2174
-4381
8394
-4460
2277
6368
-4084
-4261
-9037
-981
-2236
9246
1098
8168
3447
3645
-8941
-8952
-5024
937
1460
3299
-8767
8365
9544
1155
-327
-1844
-4641
-6776
-795
1950
6704
6745
6023
-9643
-7725
3887
-7664
2793
372
-8359
404
-3797
-3300
-2143
5718
487
-6553
-1782
5931
5529
-274
-6194
-5047
-2113
3651
1879
-378
-1351
-1702
-3480
8412
-4047
-2220
-601
2953
-696
-6260
-6380
-3763
7057
9724
7047
-6692
-3338
1496
-7077
-4173
-9278
-7280
-6366
-8452
-918
-369
3120
8824
-3208
-8144
-3659
-2389
-3697
-3973
3277
1950
9014
2132
-8246
-2783
2332
3529
-6486
-3886
-3046
9790
-7085
4095
-5868
-2807
8035
8338
-1564
2058
8719
-4243
-878
-9957
-755
-3402
-3008
-7143
4262
2288
1398
-3215
-1039
8171
-4800
-9645
9689
-8242
4239
-8772
2143
-7078
5969
9667
2807
8719
-1428
-7696
-9596
-9502
-5653
-9008
349
505
-5422
1097
-2356
-6783
-4957
-4159
-4691
-7530
8063
-7638
-1815
-6187
5521
4982
2547
-6933
1945
5404
9893
-23
3192
-4075
46
-8801
-7472
-9275
9396
320
8730
5036
6413
-3826
-9840
-125
1813
4227
6449
-7182
-2423
3672
-1594
6216
-6257
8309
-3349
2274
-6257
-5872
-2344
-854
-8004
3528
4702
7125
-982
3383
7686
-5643
-4735
3724
5718
4605
-1782
-6696
-782
-7850
-6261
-2317
-6257
-6155
-2105
-6040
-2558
8346
-7382
-231
-9158
-9007
5074
-6811
-1939
-7366
3036
-4469
4784
3100
-1666
-4410
661
9293
-7490
3367
5531
-6093
3555
6027
-3783
-1974
-7501
8736
-6768
-6306
8989
515
-5905
5719
-8857
-8139
315
-2228
-3465
891
-3418
-6339
-6358
4771
5672
2953
1474
506
-7538
1574
-3764
6443
-4683
-7436
-2681
2846
8795
-5526
-5577
6448
-2056
-8415
-3754
9419
-5487
-7852
8920
9203
9332
-1698
7924
-290
9166
5491
-809
4005
-5800
3714
-4546
-207
-2694
5190
-5662
4845
-6442
-829
-8832
-3511
-7501
9203
-5801
8178
7285
6281
-1802
7972
-1001
-4586
-8683
5987
14
-5320
9444
-1865
-5677
-5895
-64
-2217
6900
-147
7312
-7364
-404
3500
5938
2237
9076
1966
-641
2383
-7165
1097
1553
-893
8840
-3509
4526
-5002
-9705
-7400
-3348
-6732
5421
2869
2874
1023
47
-3985
8105
85
3139
-6929
-2746
-2575
4839
-731
-7158
6759
1962
-1035
9533
-1222
5143
8972
9858
1515
-2176
9728
-1305
-5198
8663
-5539
6717
-3960
-4139
4093
3867
8633
-7085
281
-4612
-7863
-2276
-3941
1462
-6986
-9643
-7970
1459
7183
-678
6214
-2533
6260
-6492
7789
-5994
-8435
8054
6837
2294
7447
-9482
-8664
3552
6213
-660
-303
1688
6642
1825
2860
1452
-4214
2181
-6675
-8531
-7417
-7802
7927
-9252
6258
-4030
1458
9808
-4514
-2619
-7068
-3523
-3476
7365
-1820
-8989
-9830
8851
7027
1742
7748
-7051
235
-9732
-5024
-4967
5683
7919
-2479
9562
6704
-8173
9222
-8179
-1680
-5936
8291
-5309
-9687
2820
-8158
3355
-9249
2884
9061
-5922
-6595
1531
1147
-2513
9808
-7135
-1753
9728
-9207
-9448
1244
8080
-4968
-8044
1155
9565
5143
5409
-376
7112
9599
4511
9378
-9645
-4560
-182
-300
6928
-8173
1489
-5998
-4527
2449
-8570
-8615
2193
-4745
-4085
-8909
-4814
-8472
8034
-1865
-178
-6890
-6040
-9435
2273
-2002
1222
-1355
315
5001
2750
-7180
8639
8890
5873
-6704
-2394
1321
-1102
-4183
-6730
4312
-8301
2559
466
1143
-6159
-1862
7961
-4130
6582
-6194
-8976
293
9324
8165
-8238
7736
1097
-9962
7997
-1571
4940
5770
9386
4621
-2646
8750
-5060
4717
8840
8136
-6140
-6690
3109
-3257
4788
-7978
-6668
4292
3553
-6323
4552
5183
-1406
1577
-6492
-8892
-6605
8889
-4362
1792
330
946
-3085
9195
-7443
-8144
4375
-8753
8461
8899
-4396
1950
7245
-2918
5281
-3624
3854
-1237
-2451
5450
5366
-5012
-5207
7491
-4597
40
-2291
-2113
206
6720
-4410
7859
-4439
3645
8640
-3138
6026
-2568
-8755
976
5972
7534
4797
-9319
8168
7450
-6151
-443
-1298
7287
1729
-7661
7825
6135
2200
736
-1322
8406
5281
2408
98
5855
8018
5788
-6577
-22
9443
2919
-1823
-646
315
9210
-5841
5241
7330
9705
-4487
481
2859
2074
-651
808
-3070
760
-6641
4561
5089
3442
1514
2763
3505
6034
-5592
83
6263
-9012
7830
9576
-5753
9612
6307
8839
2074
-4782
205
-7874
7069
5335
-6826
5439
5805
-9878
-9303
-2148
-7666
-6492
3513
8444
8365
4482
-7787
8208
5158
-8680
-3936
3653
9197
-9013
-3084
-7135
4532
-613
-8544
5926
5649
-107
9222
2026
-2406
-1650
2895
5754
2976
7592
6092
-4926
8458
5586
-788
-9024
-631
-6725
-799
-7235
-8530
-6005
3144
-1112
-5292
-7715
-8472
-8968
-7362
-8652
1053
8363
-8642
-6515
2977
6516
4820
-5195
-6534
9214
-7405
-9264
5791
-5920
-2901
1371
-1431
690
-3196
-6560
5383
-1192
9992
-3567
-803
-2851
6273
-5991
-9890
-1267
8867
-4265
-3388
5830
-4096
-4808
-4092
3555
-6553
-8117
-741
5439
-1235
8234
4482
1340
9696
-8823
8896
1704
3529
-6577
-2783
1033
559
-9892
-8829
-8411
-3737
892
7706
9877
-1564
-6563
2960
2788
8025
-2235
-7589
5865
-197
4785
-7418
2158
-7643
-5560
2584
3537
-6194
-5829
8099
3243
-4782
-4744
3962
2788
9519
975
2874
862
-4053
7680
462
2757
3128
-227
-20
-7804
8048
4448
-6511
8876
-5219
-4229
7183
-772
-2588
-7026
-5974
-6333
3359
-2404
-613
-3349
8507
-6522
8730
545
-5901
2471
-7045
-6893
-608
-3208
4014
1617
-8067
823
-2404
3364
-6798
-6724
9477
-4474
-7804
5213
9129
-1376
-252
4449
2798
-7958
5899
3389
5561
3149
2276
-3928
3735
-7511
9769
7860
4244
6579
-3892
6900
3339
6918
8314
-7022
-7315
-4321
9058
-8635
-5719
-7436
-7154
-3481
6850
9105
-674
2398
3564
8575
1688
3377
-9061
-3949
-7149
-7230
5560
-9650
4998
9276
-4900
5585
-1759
-9670
962
4991
402
1387
456
-7543
-6258
-7508
-2108
6027
-6847
-3726
3445
9551
5341
-576
-9574
5247
7153
-9839
-9891
184
6149
-5271
1814
-6913
77
5276
5244
8208
6625
-5817
6804
-4910
9708
892
-5944
-7029
-4238
9594
7211
-8609
-515
7005
9309
6984
8693
5240
-5945
-8116
-5960
8905
6663
2058
2600
7111
-3626
-5911
8898
6087
-3196
5038
2914
9599
-5005
9414
4977
5311
5269
-3383
823
9400
-3703
5706
-9978
-3129
-9907
2592
-5849
6676
-4455
8057
-3941
8633
-7703
3111
3068
3011
-6850
-6475
-41
589
-1581
-542
166
-7903
-2818
8370
6949
3512
2108
-7048
-6255
-3797
1721
-4516
-461
-6277
-7315
5537
-9565
-2725
-4243
-3643
8817
5968
1598
4469
-7708
4980
-3373
8233
-6897
-8842
-7756
4671
-7525
4482
4057
7775
3839
-7708
2765
6629
-8638
2018
582
-9665
-462
4512
749
-3125
-889
-7403
-7710
6436
-1429
5346
6015
-2220
876
-171
-7695
1813
6704
1738
6887
7856
-1018
5914
-9448
-1856
-2134
6948
-6462
3955
-9568
318
3532
5788
-5827
9728
9863
-307
-7806
4710
-1697
-8200
3117
-3057
-6811
-2385
1996
8719
-6880
-852
5035
5092
-2064
-3949
-7586
4981
-4503
7449
-9299
-9120
310
5663
-3586
9463
9794
7961
-1405
-9463
-7543
-6616
776
5213
-6044
1190
-1647
4982
-1235
-7239
9347
-593
-1224
3777
-2491
-5289
8068
9011
-1860
-8615
6717
7934
8754
4699
5136
-41
-7756
7537
5533
-1550
3863
6116
3669
7101
-9957
8601
3546
8750
4764
-8130
3645
92
-3780
2531
-5974
7004
6048
-69
9354
-6826
2367
5303
5216
-3491
-95
-5789
2117
113
1700
5333
-5291
-9657
-8785
3131
942
-3830
9705
3996
-933
364
6947
1792
3564
-3468
469
332
6034
8884
2646
-5928
-2242
8630
7823
5822
7270
-8471
-6399
-1022
2656
-7045
-9104
-8444
3857
8468
8391
-9995
4304
8452
-2254
-7347
-9513
-9264
-6093
8891
5439
724
-7412
-4400
-8523
-2633
-3735
-2108
-1624
8208
-4564
4655
5435
3453
-3372
-7773
2613
-5755
-3
-3982
3273
-8021
3552
6171
-758
9085
-8574
3373
-2371
-5611
-2674
6255
3757
-5283
6230
8392
-5128
-1585
1759
3955
8525
-2592
2494
-7730
6889
-7527
5401
2809
4211
-9648
9214
9477
-4414
1825
-6794
-2709
-5027
-8167
8392
-7128
9719
-6821
2326
-7936
9153
3854
5206
-2383
-9706
9272
5638
3595
5689
8614
7739
-2470
3150
-9732
2345
-5934
-64
-1350
-2823
7676
8391
5088
7665
1072
-4347
1002
-6412
3448
-3979
3553
497
9643
-1231
5436
-2355
1992
-707
-3833
-7449
-7490
-1391
7108
-314
8899
2497
6721
5224
-4641
-5348
4564
-1869
-3068
-4126
-933
-2893
-8305
3992
3622
6682
-1517
6197
6633
4426
3968
4707
-1856
-1080
-4265
1155
-1123
-231
-2004
4408
-5472
-6534
-6492
7642
5608
-7595
-4804
-6956
7582
496
7792
1769
-3412
-7958
4808
-1149
-4289
1688
-8391
3811
8993
-9713
3928
189
-4078
-4864
-733
-2491
8802
-9271
-1770
-209
-570
-1417
-3108
8288
-7597
3122
-3886
-274
-38
7775
6188
-5276
-3322
1060
3272
-1442
5638
3401
-1864
4516
8278
-2345
-129
8495
3769
-911
-4091
9464
1301
-1564
-5736
2592
-4816
-7287
3735
6466
8446
-6423
-6911
6613
-5626
2951
-7057
9076
-2605
-1830
-8463
-4851
-1830
-678
7893
-7258
-1853
-7298
6462
6580
5233
3411
4742
-8527
9221
-5160
-2610
-4896
2874
4369
-4972
-8349
2764
5761
6704
-7725
-9408
5036
8375
-8117
275
-3085
6063
1663
8863
-9974
5309
-8951
8180
1621
-9040
-8315
3011
4151
-3169
-5453
1851
1700
-7177
-5704
-6330
3214
1888
158
8890
-1881
9349
-7230
2349
6255
-770
-3833
-422
-6780
9705
8867
5265
-1980
4207
-1564
4627
6301
-9978
3316
-864
9508
4164
4034
8772
-4612
-1458
3411
-3242
-3701
6306
-5832
4865
-8895
-5217
5261
-4289
7258
-8393
-4250
-2748
6807
-3300
777
1997
5355
2246
1973
-2810
-5314
-7970
-1830
1971
-4852
7318
2793
2326
1712
7350
-9813
-7276
879
7312
-8739
-3569
-5954
-3762
-6645
-3481
4558
-5122
-809
8209
7665
-1313
-6335
-1698
-1090
-4190
6682
-6310
4073
-9278
4570
-7681
8630
3331
-9703
3165
3693
-8153
-9555
5248
1225
4486
-6631
3814
-7364
-8030
-5155
-2558
-3773
4655
6857
2660
-7982
5822
-8530
1243
-8190
4190
-4712
-7787
721
2936
3753
2199
7421
5870
6806
8632
357
1588
-867
6680
-7804
5281
8900
-9809
4823
-7138
806
-3361
3493
-6038
-5374
-2592
6949
2264
-8120
7645
-8574
-3025
-9998
305
858
669
4626
-8253
7152
-2260
2261
-3092
-3236
-1992
6476
5391
3639
6879
3481
-7504
-542
469
5409
-1251
7313
-2220
217
8291
9759
4056
-3178
-5228
8136
-6329
702
-1670
7243
9777
6780
1407
-136
-236
5355
1577
425
8
-8433
2044
-4827
-782
-660
-7018
6770
-9653
2199
-692
-4022
1220
39
6850
5111
-4284
-7988
-2148
4084
-7385
-1113
3823
7211
3200
-2968
2584
-4403
9577
4528
9960
9667
1043
-1131
364
-9359
-3503
4665
-3585
-1672
-3650
3373
2928
-6520
-9275
-1594
-1628
2193
4169
-55
-4967
-5811
3356
7144
-693
2328
414
-8969
9295
-1694
-1440
6276
8537
-1693
4936
-824
-7280
-7315
-4693
-5777
38
9713
5262
-1136
7078
227
46
9956
-8120
9692
8944
-6861
6225
-4030
-7419
-5265
-387
398
-8671
721
-8098
3339
3562
-702
-7836
-2036
-4466
-4410
-4782
-6681
-6126
-7027
7738
1894
-8999
-514
8621
9752
-8473
8582
-2593
-147
-9037
7172
9158
1525
3553
-2791
-1277
5450
-6488
3516
-3967
9259
1684
-1611
-5183
8893
-6264
2168
3714
-2908
6592
-6873
-1571
4742
4424
6356
-2963
8583
1191
8923
4687
9097
-5321
-3098
4512
7270
8621
9699
-6708
-616
7201
-1257
8175
-8445
8685
7467
-4749
-4040
6833
7552
5131
7267
-8309
-2042
4227
8011
40
1176
1792
7908
7014
-6007
-578
-8534
7171
9539
-8445
4620
937
3169
8390
-4311
-295
-8568
5767
8506
1757
284
-1197
4464
-3217
9023
6778
-649
-3034
5569
8717
77
-4972
6578
-833
3969
8160
9643
2174
2318
7650
-1564
-5648
-6491
8867
3620
-4357
2788
-1564
-2772
9030
-6501
-7180
-9819
952
-902
-7298
800
429
5262
-8847
-7121
-2869
-8559
-5534
-8499
4622
3887
-9153
8144
5656
-8322
8011
-1936
7040
-2002
1337
4784
-4047
-1431
-514
-9326
-436
-5094
-2623
6719
3505
-4431
5862
6055
-1714
1603
2229
-369
-5809
-8910
231
-5842
4312
6564
-7990
-7999
1071
-8167
4973
-4645
8997
-6681
8260
-4935
2158
2560
-7754
-8030
7111
3863
-2184
-6058
9316
2416
-6181
-8987
-8691
4197
-4189
-8859
1867
8083
9739
-8925
-7479
-4028
-7723
7802
-3830
-4546
4697
-561
7465
-5854
-5534
-3631
4271
-404
-3821
-4248
6776
-3340
-3156
-9830
-6933
-8679
8538
1338
-2582
5813
-9062
4518
-2842
8538
-5236
-8629
750
5926
4527
6755
7342
1561
-2891
-5943
-1735
6186
-9981
-2875
-7380
2632
-5678
8900
5256
3291
9783
-5817
5521
-4321
-622
-228
-4203
1498
4705
-9914
-1834
2227
-9465
6649
-5458
9533
5068
-5756
5611
-2018
7979
9463
-1591
-5661
-3892
-1235
8911
-6853
-9342
-9588
2200
6184
-7016
8168
-1305
4871
3499
9496
-7717
9960
7986
3381
6389
8013
730
1553
6830
8865
-887
1933
-948
1110
-2485
7617
-7612
216
-8847
-2891
8289
2135
-9996
6056
-4838
5256
-7843
186
-3783
-3865
-7280
-5673
6026
5799
-9380
-2466
-8194
5732
-7681
7027
-6228
2039
5165
-5696
9246
-2966
-4453
7555
281
-5038
5303
-2098
2678
-5859
-4634
-3833
6516
7775
784
784
7645
8630
3445
664
-5390
-6592
-1637
8167
-5772
-6020
-1719
8999
974
2887
9095
6816
2661
-1112
2947
-8998
8612
5026
7245
7087
9213
-4735
-9852
-8394
-2897
-7051
1244
4905
7964
-5194
-6331
-3025
5520
-4810
-2354
-3911
-1956
-7385
-9979
-2772
9819
-2740
3513
7049
3299
-7504
-5652
-9880
-7939
9950
1506
4102
-2120
7512
-2848
-2798
13
360
-6561
4707
-6187
-2186
-5285
-7691
177
3315
-2500
-2389
7056
-9590
4998
8146
8934
1663
-4164
-7730
7637
-4898
7421
-2875
-6173
-1751
6053
4915
-4749
-7110
3858
362
8497
-89
-8476
-358
1820
-8359
6349
-7451
2516
5948
3394
8727
5152
2953
-5385
8099
-7848
-285
1879
3139
1460
-1718
-6893
5779
-4533
-7376
3133
-3082
-8996
1379
8927
6773
-9008
1920
545
9369
68
8286
3537
-4582
3706
-7379
317
9495
6653
-4884
2437
5820
-9420
6759
895
275
3727
-2749
-1084
-179
-2531
445
-8108
-7586
-953
-2467
6877
-7553
-6033
1743
7467
1836
3263
7106
-2869
-7777
7597
2442
-7768
8212
8226
-3650
635
7956
2071
9914
-8156
-7539
-9149
2775
-136
5110
-7911
1207
-1442
-4474
721
7789
6217
-8798
5889
-1215
2039
7350
9036
-3709
-2353
5933
-6861
315
2547
-6668
8934
4837
-459
-7915
8266
845
-2402
-6708
8679
9954
2203
-8182
-5142
7647
-7051
-4116
6271
8561
-6579
-8500
7622
1117
-8305
-1117
-1405
-2652
-8120
-9196
-1436
9220
-2183
1511
8857
-8253
-9278
-1811
-3465
-8242
6883
5409
-843
-7915
8048
7504
1132
-7061
8972
-7500
9418
5306
-7611
-6746
1975
-3328
1792
-4468
-1958
-7787
-5012
3950
-5448
662
-535
-9949
-7723
9937
6259
9874
1766
-3119
8392
-6973
609
6737
7421
7689
7395
-9644
8028
4037
92
6422
1650
-1581
3445
3883
-5024
-4030
3442
907
9219
-422
-3348
7267
-9899
5355
-7199
-3125
18
2533
4966
1585
0
1869
678
-1258
942
-8244
-690
5975
7138
-6609
-6159
1928
-8366
-4877
4016
-6685
3382
-6511
-6126
4899
-3826
2622
6261
8068
20
1594
-9856
-3533
-5911
2252
3888
6435
-2965
-8301
2556
-8899
5038
7846
-4049
-7105
7859
4208
-770
-1399
-1388
-7022
620
-5445
2490
375
4102
-9596
2974
7243
-227
-9961
-899
481
782
-3785
-9242
-7169
9000
-4560
-1060
-3268
9932
-9423
9484
6315
4484
6555
6776
-5035
-3524
1531
1749
-6448
2122
-5001
-4361
5892
-6686
-1236
-5869
-4503
-6257
9246
-774
4616
3358
-2955
-6007
-8078
-9011
6972
-6090
163
-6527
-5531
1946
8148
-4890
3629
-8770
-4927
1521
-8283
-5797
1227
6178
2349
-8996
-5012
-8108
2659
4223
1197
9376
4899
8811
-3121
9577
-4007
-4028
4227
-996
-3520
-4423
-5778
1008
-5510
-6816
-9793
-7398
-1864
8876
7218
868
-3140
183
753
-1933
8095
6987
1551
949
-6492
7921
9766
-7280
-3290
-4307
-4215
6091
-3737
-764
2762
-3955
4715
-6451
-3910
8533
208
-8301
8168
-8792
3982
-5882
2181
694
-9736
-8328
-6159
-2558
-904
-3096
-930
8538
962
-4708
2489
-6390
-4884
7544
7134
54
1680
-5234
6850
-3410
297
4628
4686
9209
-7287
8921
-7180
-2226
9421
-7897
1039
5718
4760
-8879
8585
9264
7644
7152
3076
4786
3555
-678
9468
638
-3023
-459
-1438
-6929
8538
-9478
4437
8442
-9559
-9264
2096
4659
-2694
5240
7665
-6213
838
3867
-2477
-6861
-9401
8859
-8108
-9452
-5271
-7722
-8960
-7686
4226
5592
-5038
-4894
-4116
-5513
5563
-535
955
362
-5123
9605
-2931
-2762
-4745
6604
-840
-3356
-4898
-38
-4406
-1700
1257
-78
-6258
-8418
-9749
-5843
6862
-3892
2976
-1564
9598
1397
5570
-6607
9877
-6597
7561
-5083
6943
-1556
-2691
-8847
4392
-2174
4797
-2878
-4626
-6506
-688
-8239
-2780
-3731
-3892
6507
4342
7057
4750
3587
-5234
2913
5811
-8809
6502
3655
1777
494
-4267
7560
868
8626
-8864
2524
-8283
-3557
-9008
1700
-3631
1371
6758
9653
-2377
-872
-6257
237
2928
9979
7752
-5920
-3833
284
1631
6029
5109
6868
-1569
8575
657
-6018
-2185
877
5224
948
-7864
-5772
-5278
-4299
-9221
2571
-7177
5350
998
8369
-593
1039
555
939
3556
5772
-78
-9928
9745
980
-1802
-3013
-7485
1654
-9435
7134
-3470
8934
1117
-6534
-8080
7889
-1009
4547
6112
-3366
-5534
1497
-4177
-6207
-8641
6119
-5673
6126
2181
-2921
4619
-9364
-8246
-7725
5269
8576
-7175
834
-4232
8412
5732
-9759
-443
4808
-9770
-5545
4556
2874
2108
4120
-9656
2108
850
-8585
-5539
3290
1110
-2174
2692
1648
4243
735
5319
1264
-5347
7676
510
-733
2886
6307
-4240
1864
8896
-9786
-6681
8770
8092
-7355
6773
7005
8641
-7279
4421
6115
-9353
225
-7070
-4825
-9991
-7398
-5901
-8879
-3915
3666
-3511
-682
-1777
9198
9183
914
6642
-6351
9066
-8424
5897
5779
4014
3852
-5918
8693
-1148
3485
-1997
-8663
9791
889
-8680
7138
2786
-3108
6266
2470
-1882
-5861
-8866
-8823
7893
5548
-3640
2962
1915
-6880
9095
-9908
6807
-9045
8655
-7656
5269
4190
-9390
3753
-482
5372
-8674
8461
-461
3463
-1215
-6380
7678
6227
-5398
2416
4800
4006
-2491
1489
9979
1466
-1906
-4368
-1865
1323
9633
8621
-7973
-9264
5180
-3288
-7571
-115
2058
9330
2071
-7408
-7003
-4232
-7915
-653
-6187
1742
-8478
4478
-2205
-7256
-5287
4221
5269
6864
6480
4256
-756
-8307
-2324
8867
1388
-893
8840
1834
4121
4171
-4803
-8478
-9453
5150
-4590
3645
2592
7820
-8999
-2657
-6538
-6862
-649
-8135
7859
-9706
504
8134
6026
-7352
-8673
765
-7351
8633
-9075
-786
-7645
-8476
-1003
6704
-2637
1251
5365
-5019
-3892
5907
5866
7600
7732
7833
4829
8998
-4742
6807
-2615
-741
168
252
5039
8280
3526
-7180
1672
-2138
-1881
-4539
6472
-2222
3724
-5716
6704
-2880
2147
-4534
-2276
-4224
5270
1198
3926
-8190
2784
9719
3905
3635
9653
-9185
5732
-7562
1173
4742
-8476
8837
4834
-5292
-8630
-6339
2209
-8989
-4898
3483
3401
-7902
-2001
-4838
-5314
-1794
876
2414
-5960
-473
-5531
-4435
-4355
1455
6085
1971
-2129
-1177
5762
758
5046
2278
99
-4914
-1313
-5218
3315
-8268
3459
7854
5253
-1576
-9238
2411
-4546
9065
-1075
-6934
-4649
-4378
7775
-8784
2757
6263
-558
5931
9519
5409
9748
-3125
-6681
-1760
8219
2192
-9517
5325
7686
-5531
-5430
-4990
2999
6343
1166
-4318
-9146
5360
3860
-1952
-8574
-2601
-6745
4980
-823
-4213
4014
-4967
1336
-4800
-8392
3341
6407
-599
-981
-2235
2934
-9528
-4580
8054
174
-9303
-5460
7510
-5038
6555
-7227
2825
7198
-692
5947
-6335
1731
-4964
8824
3523
-2451
7057
1574
-613
-2940
297
-3477
2519
-101
-2002
-1426
163
8826
-9996
5899
5778
-1215
2960
-4952
-6561
-7970
2990
-63
2469
9023
8245
-2451
-9012
-2178
-6740
-8053
1783
-2668
702
-9295
-7416
-3577
-115
3595
1214
7645
-9348
-6245
-8814
-4887
2432
4484
-9233
2889
-485
9795
9013
6543
-4383
-3999
2385
7183
-72
3199
-2477
7837
-3169
8992
-6840
1458
6448
569
-5419
1174
-8190
-167
4016
-6184
6457
5032
-818
-9890
3004
-4285
3199
-4645
-568
-8139
-4245
-3983
6825
-5626
-4217
-3954
823
7776
-443
-9501
-6277
-8392
1407
-182
2245
-5324
-7563
877
7652
2100
-5394
2288
3669
-9533
182
5902
1388
1897
-5547
5092
3093
-1131
2956
-7554
8824
-250
6345
985
182
852
74
8426
-8257
-302
6984
9209
-4824
3273
-7936
-5205
7101
5765
-1442
2848
1571
-8574
-2408
8663
2774
8121
-6270
4110
-1681
-7554
3682
-3488
-7897
-6694
-2254
3660
359
-5239
9434
-974
5644
-4900
165
-7385
-9052
-7511
-9282
-6090
6216
4570
-1307
2352
-8984
-6537
2449
1402
-7000
-6255
1522
7447
9081
-4410
6850
-9609
6729
-6104
-4299
6885
2490
2125
5425
-4245
-8480
-4953
9551
-4188
7442
6336
-3015
7312
-2042
8128
-2641
-5532
-3410
7169
4227
-7212
-5578
7545
-1914
1883
-8754
170
3902
9195
1605
-5190
-6759
-7135
404
-9838
1388
-5756
4851
8291
-1351
9105
-5292
1719
7544
-1146
8914
8063
-8998
-2780
7033
8697
366
-9910
9065
-8203
-1727
-8392
-6715
907
-8788
3367
6053
7062
-9158
949
-9736
5472
-7817
8742
3120
9724
7684
-5019
-764
-966
-4298
-8067
8809
-6973
-4126
5518
-9935
-8602
8180
7841
9423
-4668
-95
-603
-9786
-7652
8972
-4634
-3686
7028
2678
-843
-2014
-9989
9506
-63
6653
1545
-6304
8165
-7366
-562
-776
4027
9516
165
9416
9977
-7513
-4679
4335
2133
-3226
-9259
5064
-2696
-4694
-7804
-4261
2166
-9263
-9636
-2183
1552
6430
-8860
7517
-9183
-8293
-5589
9175
4726
9246
-5936
-5372
2784
-107
4777
6068
-8914
-4299
4164
9719
-7313
5004
2468
-646
6139
-6374
-9753
-4533
6960
-9630
-8273
-7383
2904
-20
2775
-4250
9653
-1967
9295
2212
8011
5592
777
7273
-7032
-1075
-7773
-1974
-6975
6911
1979
3494
8045
-7535
-8044
823
9075
-2250
2415
3327
8706
8851
-2022
8488
2722
8912
1671
5900
-5870
6266
3672
-4394
2395
7584
-3119
-3370
-8496
-9838
3915
3637
-8732
-9680
-1215
-3698
4682
-920
-5918
4782
-8309
-1445
-5665
-492
9324
2944
1227
9135
402
-2414
-3959
-9012
9475
1179
8313
2524
310
9845
8911
-9448
-8350
6995
-6005
7062
-4585
-2637
6729
5501
913
9790
8614
1845
5375
4500
-7135
-9656
-9448
7137
4823
-187
9468
6781
-5704
-6561
-401
6680
-6325
-4172
2228
-8832
-5038
-9278
831
-7651
-6940
9938
8840
-1362
9828
4561
4532
-562
1696
6957
-9939
3293
-5869
6723
5633
6435
-63
7834
-8638
3426
-5609
-7051
-8128
-5692
-9374
-2848
-3876
-6313
2158
-3055
-9830
7779
8887
-3524
2074
3293
3144
-4473
-6462
7820
5355
2449
702
-7614
-508
4628
-6759
-6019
-6506
-1065
-2505
-1511
-3034
6949
4357
8768
-1203
-9143
-5611
-8358
1591
-6524
1757
4028
-3034
-2376
9383
3242
-4111
7850
1905
-7967
-4217
-5757
-9048
5316
-9320
5273
109
4860
4428
5261
-8994
8899
-4864
-5160
-163
-1023
-391
-6919
-1967
775
7458
3806
4434
1921
9304
-3917
3615
-5711
2294
3962
-5071
2074
-9635
-2378
-5374
-5024
-6870
-7723
2387
-1753
-8415
-3872
4750
4946
-3042
-4088
7125
185
-6816
-5347
-8832
-9478
-7263
-5588
9599
-4745
9532
9105
3379
5520
9536
1731
850
-9565
751
-2833
-7839
2084
-9362
110
-7412
220
3383
7738
4823
-9350
8551
-7765
7563
6937
-7817
-6005
1042
3349
4009
-1336
-7294
-7032
3469
-948
1876
3946
7443
3591
5148
-9965
7909
-3217
9714
4009
-2084
7757
9863
-7685
487
-7263
88
-5533
1429
2110
5755
-5753
-1538
6690
-8563
-2545
2789
-8825
-1593
-8336
-1258
-3300
4048
-8889
9670
-4259
6893
-464
-4265
-7906
-8989
9384
1800
3199
6390
-3025
-6681
-9016
-6028
-3166
-4857
946
-3514
210
110
-8631
-6004
5727
-8852
3553
2288
5147
330
-7400
-41
-3260
2345
9313
-1723
-9738
-8078
5502
-6643
-7099
-9011
5313
-7438
-8144
-2807
-8734
9462
4846
-5375
-3054
-3418
-9682
7166
-4175
7824
6020
-2808
-4487
3431
-4177
692
1768
-2928
-4975
-9329
506
-2159
-7756
1097
-1777
3589
1594
-5448
8959
7147
4655
753
1257
-8075
-2159
-8558
-2582
-9064
-8476
-4240
-1107
-651
4320
1331
-4356
-8506
-2575
9386
-8692
-173
2694
7781
7922
3892
6181
-2497
9313
-5155
9148
-9865
8775
8340
2762
3301
1110
2560
-1393
-4803
5525
8128
3863
-4649
534
1820
2234
3494
-3251
-4983
9045
4208
8687
-8324
3727
-2297
6026
8548
-7163
809
-3667
3151
-6466
7846
-6921
5147
2193
6860
-2988
4543
5160
-4621
-4334
-7776
-700
844
-5195
-6888
2047
-473
-7902
-7467
-4381
-920
-2011
-7145
5269
-8909
4760
-6258
-5347
-8631
-7417
-3198
4560
6937
-9233
3277
5053
7815
3469
-35
-2115
3004
6368
-375
563
9356
-8134
2809
366
-1075
-2964
2204
5814
3174
5185
3339
2661
6319
-1611
8497
-8894
-3796
3878
-4915
-4201
-7585
8517
-8575
496
-4884
-3335
5529
6516
-8051
5196
2524
-4245
5708
-8563
-911
3621
-6828
-2558
-5321
5276
6455
-2041
-5841
-1267
363
-4260
-7756
791
8842
-4516
-4012
3615
-6537
-2809
-1697
-3473
1742
6232
3651
432
635
-1664
-6450
-678
-8391
8677
-9942
-1237
8392
5900
-2598
-6780
2247
-6642
2626
-580
-4298
8092
-6561
-6849
6614
2775
-5784
3818
-2921
875
-1525
-1578
9978
4865
1801
-4580
2919
-6787
5943
3302
-4597
4908
4786
2951
7473
6618
-9813
9279
4676
7856
985
4298
2901
-9478
9688
841
72
-8032
205
-2681
9533
-5018
-8870
3341
5529
-3931
-6656
-3132
-2159
988
-3042
-310
3674
6444
-5594
4693
-6175
5130
6752
-4839
5898
-3779
7176
5425
-4030
-5854
3388
2784
-5707
-2793
2788
5106
-9615
-4128
-9037
6449
-6655
-5668
2632
7689
9960
-176
3996
1783
262
8785
-4183
-2502
6188
7283
411
4016
8197
-5627
2058
-667
-9295
6579
9129
4533
-6592
-5529
4437
9784
1577
6850
5830
9564
-9588
-464
-6021
-4609
-5019
-5234
2357
5692
-6776
5736
6350
1878
1697
-7863
8016
8043
-4233
6674
9459
-6592
9663
-2124
-2339
-3931
6949
6570
1819
3394
-9120
4611
1672
-8257
-4496
-8570
-2056
3982
4778
-3132
-5627
-2918
-5550
-5362
-822
3605
-5903
2646
-5182
5727
1810
-7656
-5390
2228
-3509
-6052
-5869
210
-3319
7846
4972
-1215
-1352
-3942
4184
-8842
3273
-9804
8127
6570
-1016
8527
-9648
-545
-1539
-8847
-3250
8641
-7369
3155
3923
-7081
6898
7127
-5292
2365
-4118
8742
-8173
-5650
-3413
-2839
-6258
2852
1420
60
-978
-1240
-8588
-5652
3814
5355
-4199
312
3332
-7419
968
3818
1614
106
7175
-154
-6220
-2869
270
1933
5736
3728
8390
-9915
3928
7802
-9651
-794
7115
26
2004
2148
5695
-4235
-9727
-3733
-6374
-8494
8633
-7571
8831
-9288
-3795
2956
906
702
1802
-8117
-9246
8619
-7128
9290
163
1721
-298
4496
8007
1770
-9644
-8847
2608
9172
-5291
-7757
9103
2090
-3752
-4080
8920
-2470
907
-8122
-692
6812
-6978
7040
7159
9599
4644
-8569
-7708
-5691
-4612
7955
8409
3867
1358
4556
5350
-833
4619
-3169
-832
5967
-9242
-5486
-9597
5749
9490
-2339
-3783
9038
7422
-5269
-9556
-6312
-8386
9663
7321
6257
-9028
5181
-5390
-5998
-3366
7998
7433
1719
-72
-8583
-5911
-3860
-8002
473
-2921
-5390
5924
6596
-9186
-1684
3201
1663
-9962
7647
-2538
1132
-3025
4443
-8730
5914
3120
-1406
-1216
-3178
8092
1577
-1177
2414
-6540
-9759
-402
9794
-3054
502
3124
-3119
-8998
-6024
-4068
-1651
8775
-6609
9678
8914
-6849
4342
-548
-6491
4190
3069
-7273
4512
-4076
-1525
9153
-784
9615
9210
-1027
2204
3367
9835
-7342
1744
-6423
3151
-995
-1062
-2547
9085
9415
3955
5211
-1366
-7201
-2164
-3942
-726
9321
8035
-8238
-6140
-6578
9819
6440
-4116
-7258
463
7919
9937
7833
3356
6779
8426
8114
-8047
-8903
5311
-5664
-7485
-4782
3728
-3386
-6461
5552
3270
5672
3332
9372
-8767
-5218
-216
-2655
6873
4377
-1216
9432
1194
-4783
-4190
-1050
4823
-5043
-5094
-7527
-567
5913
2904
8844
8726
7387
4823
-1139
-8970
332
-6655
4411
-9736
7985
-5490
-4200
3394
-908
9634
522
3566
3561
-8961
5727
-10
5110
141
-6861
-4622
1633
7505
-9528
-9324
-3480
-5314
-7048
5680
-5357
140
-4204
-5928
6614
3780
-5648
8260
-251
-3095
5466
-591
-4898
-5552
-9480
8306
5346
5640
7244
-4183
-6469
-6396
-1304
8044
9209
-6609
-6139
-3352
5602
1845
-5396
-5110
2264
141
-2339
-1844
7570
-5957
1174
-4877
4202
-4355
2176
364
-4257
-4663
-5155
-7490
6872
1989
-6743
8291
2414
-9680
-6244
-4612
-9379
7522
-2223
-3161
3829
-1676
8662
4915
2234
-5940
-5627
-5319
-4239
5931
1023
20
1207
-3386
-1436
9030
7499
8365
2807
9023
-9604
299
-1695
-5004
-2389
7350
2200
9938
6200
2309
3634
-9656
1243
8026
-1777
-6115
580
2463
3394
3620
-3024
2592
8468
-1405
1762
-136
-1811
3883
-295
-9011
8068
6425
-6863
-5883
6578
-1465
204
1222
-733
5608
-7850
814
-6655
-9318
-8343
2449
782
-1269
-1333
-8239
-2025
975
5309
5764
8679
4235
-8117
8934
1840
-7063
2322
4663
464
-7165
5529
5880
4080
-7156
9334
-9644
-3275
-5986
4747
-3462
1455
8057
1264
5656
2440
-7201
3217
3595
-2899
5053
5466
8099
-7018
-2742
-8435
1197
8028
6528
-8048
1430
4620
-9329
-9183
186
-6539
-8119
1923
-9097
-9961
2234
3150
9103
7986
-4092
-2526
7947
4698
-4245
-20
-9173
-6184
-5648
-1096
-7143
-7667
4881
-1637
9195
4245
23
5130
-4238
-9264
181
6910
-6213
-3892
8095
808
-9099
2979
-6505
1455
-7770
4771
515
-8474
5801
9714
3523
3485
-98
-5869
7376
-8866
7210
1642
-8441
9595
-6244
1971
-8916
-7886
4509
1241
-6575
8607
2762
-4609
5426
3897
8448
-9752
-1393
3794
110
-9656
-4655
469
2464
-9627
7912
6205
-5309
5140
-6519
1112
2039
5009
7964
-4971
-8847
-1813
-7804
-5539
-733
8687
5938
-6215
-8734
9462
3120
-2472
9791
5822
663
9446
2661
-9448
-5983
-6054
-9382
5572
6346
-2260
-83
5093
7451
7119
-9736
7198
2204
-2082
-3978
-3701
1242
-5228
-705
-3217
-9599
-9259
-4460
-1304
7027
-9012
-819
6367
4421
-8393
-2746
-3872
-494
-7756
782
-8395
-5478
1644
3185
-7069
5490
-9292
-4564
-5998
-8301
9808
4562
9828
8291
7983
4085
9337
-2807
5743
-5722
9441
2302
3687
-9478
-7562
9880
129
6048
8080
-1228
3499
-782
-4958
-4214
-9822
-7710
-2823
-7051
-7617
-8732
9938
3618
1505
1214
-2290
3359
2530
5814
-5918
-5320
9308
2765
-5060
-6155
-7078
4348
-8847
9240
4232
768
-8388
8765
1542
-4357
-24
-2582
8016
-6357
4754
6214
5739
9937
6928
-2941
9203
-4299
-3042
1816
5450
-640
-7085
3483
-6655
