313331111132221222321423122213424322552512423244521151113234533434244432242354333511244314253235215325553325213323134223414142213112131231231
223113232311431333444412221111341515434245342331355221144454314532341351532413115224333523135514522242115155144233113224334412344223321213321
211323212213241221112332233331142232155544112251355121114542315321213433115425515152123553513552441425153441254241331443314443234424332323123
211133131123433342112241122331245111122531253151233315553342126524356553536564633223511442453552443214144342434135212144422141222422412332113
313112213123442313144111443431515223254353425534452335412635626624424646334634236342465312432543323234325233534242433244344232344143433211132
232111113413231133411224243455231314343441222122455464663656435523652335235563262566363665634222351154524351223353431211333112434234133233212
133233244144314424431233435321553511351255335514363242332543666253544336462545363432662236336332533515355535424334413243133343321341243132331
321132443111323421113435235233442525212321331344266465665645434563466454562632654662466635236263545242422513424452531335443121244331314223212
313124322241424244133412235412132452554353356225354232656256646232225256632565633343262666446425562441131254323512232314134243341413242323312
133241232142114221442423543321334422444413444444344532534232454346532233622336662563654653222362236643341444432212451213423321432233422122223
123434421121324443214115215214554345155355425536344642623465642522445345636623662334444545254242422255412521124253311451321242222123443331122
212242332311344312551155142112335524546422263242226645245653255553362353565536454523225326544225645426643252222151132112131133141434413423242
344331213112214233114245435251212522465535253452435264335632535553564656466562566243324644526225524465624652333134215251423453123232431111321
343441223113114323413413132525414134236323436466546634364642362525234264242363536455553366442362365636662355521535413542514243122144134431244
222233313421411343433315435445115436452463265632423663435222264633755547773735525624425333653423664434525556364223531532151244222221331441143
312321331311431213331525151225355343223225554453322466655547553354775565657456543563226625262636546434533335352334243431113132333221113122113
432232231443112142233522245552565465324642422334523562367377653774466755756473646374466335646426425454266465434663252444313335133142433413224
121312221131524512253521454436244662366623232624646655347543563647574774567733363755747677556554622524255646532535113255155323424343122312422
423314422122124113414141155266322536632244663623465633753654634757457464634574766356365466764224324336633323344256225521412153134445324242132
423143421235531451231245424455265465523354526524743457535673476475557665634755546443463564474464643325455566446566642125311511215412424211422
323421424224342323321224542366544354553563253335676537355377546556773634466754535536534763545335555654356534454464342651513534334133112324131
312214441241235351235241333223232233455535334466365543377573733374777637434354367434637547647365434353322333435353243341315254322232132114243
213142225115155324333136666225655363466223533666667777733546676377774343743634666753365544564665475543566362423336324354314434512435435432214
313342243251335323141164365554235226253454574636665363553463334333453767736744565566566453747453736655443435333235662634323151255215231223442
442442231135541532444565352365443254256354666743344777374755347465477354656547434645476454463763343365355433663364242335441325443112432233423
112233111533443445114244635252435223634537463546754656353474664355736753736553656454557337454775574756337624334325334333543313241123331531142
314442111511523222442646346626264254366553453534537555556357373444457644767457884746677776365736357656763343362323646356646115511451332331122
144442515543535354426652254356346543654676767443476437566668888884857648647755478456767567664463566645466354443323534323524241413255235515531
434441353233534354222342336334342646475345367337434565676846654887858588785444867465445647775664647544456354545564335562245564153253335111132
411135224255252532445345543334246775375746667754535446744444785748548446866654556674784554673744337757763477572666232555446634554223523442234
432352133244153433636354532555566653736655636546634765855475656476768676576475867744846455674465343546755576467253465536343423544114534413324
213125212134323242456623256266235476556444347655554655444585848778475576864467664567487566458735746674337557366622655243526524614513153443112
132445315143111554342323534653676643677757647667854774776848674754758656684574887676567464787686356444547766343456564264544564553331555122422
245542314323515353243636525247735766653747336784644544646585484574858556764578888554684487646754434346775547367774434232544265536443243544432
431343453432224225664636354244444534436544467675548687876557848877785487645664466656488678648777554376635644554664724253653342634425513512454
244332413324425424556552232765774436436335755887585477876576657748887455656847787888474546847845567753554746543633643522545444634445255551435
121254524243265445662433257646634373473736476657654654484454676754475768668757577686754775677588587686657336455336667552364644436442344543235
542544215422666255234636353747336754665347646664587544466668845485775676888876547557858454875567555858665575546653647644626625646463454313241
451331542542624546535335343436534576736666856844758855885455545766587569685679898555754845755746746785776364377774646646655626234425342332254
321544411415625365354332477666457657437574874848888846755449768978658985767986555797858447877644544774486757336737337372334662453223115131252
213245454132552464556546344565365566375487677648574868866665857958596579865959678759696756787884547648685636446653466445343223466244654215431
443211323556545355436433353777763473674788675866775477597897667557897559897599688866799645565454478766756746356435777743354355453653235433354
525241454426656324426633363677775677546747655886857886678798577567657766995898877795596958864846746455747646375735354744744545365526432554452
331443551226346555324364775763476476758768755545784695988555577769787767667888876765955656586577875465555487557733733365422435363443233431521
154351552355453436266555464663376484787676874576755885766878588565976888866575665568788798877657764876774565636464764675372552232342653135211
523332352233653353624663777733763445667876564586566999558997699796577657865695798578756665796885656758767654857645755656744246332424643225254
313152366532245664644476453543753647586785656474699585888999958789958869686885988878967869676755846584887756845547335744774566355642334311555
511242435642326345544547767535654755565886678858686778769669866557599696886758758889758559656877486584546776848366746447746326235455352533534
232544255262664654665734655677336646587448865496596977877796799887595859877575996758769886886768887867447545744674636766655524666223645321243
125531456632542256536343644575356654685476885885565889685575988967889679696779667867869985987988997664647766454777653535755323563622623364122
233323333344624622467345547445548848645677459998766959798656579778777797978879698896587586966676979666868876685736574543377375626243552564135
243152563346455622774376364453487785557474847867799675578776886878989897679886677975578965589869586684666858584574563643753463643426643631122
414254623546235256545477446573548878887857799898958886788676789968688996786669799778667885666759788658858877756756465663453654334644224622555
315542523533362423643643367636847688767854787657875858868697668776976789888667999986997799888887967958857655557687773477574754363444353456114
524255636654633655445444444654887644477867868699987655798996899676888669899896968877986987965787979858884767584447436567777577252255533662535
423123546234335336654455554638446586488569997775676987688867688869988869697876977799698757568799599689874545868685753645765377436556226654325
121256534262533446674367474767845665564688655567885867789767887999869889978996978687989688858557669575677468445745756334753473732523245665421
414426646662564567375433444684575644565687996858769677799796966798999969698867666998787989668798886968764748574668544643357436522325254526644
141544635334525676434735644558745455867798695777669978768697697799776996999869868999689689679677756866755886664578733577557545533554563525221
453226333645625543545563737477876678668967867769765767679696987768699667899698686867688697769769887799887546748687683555573736474242362245232
531253242552246533343376575655865587466699888599557798668666688787767888877778777677999678699995787688668764888447874573667577433425426244354
144356636633326734536376654464446847745858658857567886866999698886777887878786676788878979767676599876968874857848687543456773345332453233342
334456252563556335445757636586547564855967557886987699996766996779799779789997988866769787796697577987789545467858687645334355354643446566453
153266352335244446354363736657488876869656556779757786968689677899878999798777798766887869896589675988889888468757784537565677753623663546654
525566245352224443653364355664567665469796768799986989978669899777979878777878979997978797667678975596978645868658587674556444532342546454533
431266426525435653344544538587868667569587887676696667889899878988977977997778899988799888897687689995966787787756784465674765746562353342244
422655654632623354337337666878656655477658858956698666877966679977878997987879998777867667787996969559656856454648788343453657743655452444545
112266246332467744573656758558544466585769976756777677987986798799777799787887999869867789787996565569655574887447745545467477655642556564354
353632232644364475463677736857578886685797799695798687769869789889977979777879778787967986876666858897685874874855455774367454467566262645252
544225244353446355536454654745447574456699787675769866779688987977879997789787889888666969897956996678657785888777875667364775545546653645242
431556563224247334654766774458888858776658797999787786667968898778788978897977979886867796897977685596996687545744757456767467375353424236351
212542653253444447546776455656644768756775578686899888899698987788899789797799777997996677788799978856675675686448544537743555754252343535243
545242245634324674635443737854676854486859575699669679889866777999997977898889989979866666996997578599865577688488866573554767443544223224555
211422356344655663574677664865746587667897587585599767779699799987997877998777887788788986898988976686979775786855557475774343365562263243635
555334443245646345435767734574887484467896757696797668966967897797797998999999899999687796866755696898669945686548848545354534544452356625662
445522336625527653465773767776678864487885596577997767677689797897987897989997789797867777988885887855696975858846867773634556677343644462223
115534354354626476765565755588776764879567758888896786697667888789989899979878879777899768769778596676857586848655456646633573545563255652531
322633534326336475744474645575478584657789678597899976989899888987889798987877789868969969776898797787775657686476544646635476752644665442541
331534532526524534755357448668885768558687975867867686997976877998778998779779877997699776689665695868988864646787567454573463546455226465555
535323635242444536643756457875485487459888878555899768676696866777787887999989898679688679679878695597555584558868668534443336633445566443531
355632636536366565543757333477766655665765868695679896876997788777878999988877869976867888696999769566955785464486686747655567435562435554254
312422234562642464574467673467866444586596966768755787867868798699799879787797689968966979668689757879588484445455654655577537655454423536522
234444546242436336763554545448557744546787955599699696997799886776879899979676667787679896875777679869958888575654875757444544434244245325621
244332263232234355765775555654745884488879977559788799667866997877966988788689698987969686856955579695556454586846787337455674372364346655354
254166636333226357643357755667857464767496589957976699886696997686877697986668667898868799599578556855787786786874833754454454725235224535313
315243364534654254465367677645788565844886988988857769888669667967667966888688667676998989695958656958574746858566866435333344426443243624355
344225354426425337636773756766768686458857758676658675978877788698766879797868679788986987595978796888758547558787667663474734563364643525421
143433456545422356547644666458887687757566556858599698866987686987978989869898666778868886565968856997764565574476335546547336233633663444345
543244443242365556563775735548475457557664985768977557996796667867897797688669889968678976855985957685747565747567675756454555252463264356455
443544632264565667734374446777856848558785869878597787958779779769976986876887796978987677965865898998647564548475544737757534434445366542122
423235256525644433363564377544468886765586868989895677557756878979898989969668966788858858959986797686848755478543453466557747442222542436354
514145534365622522443345773346477558484766786568596567855978869798876987797668999689959999665966566754878647676686756335563665452524544244312
154535433622535366365754656674556746776886885987979786998856789799776988878869789759667989966978885847544564576833755333475745445666442565435
421342335622234542646367356635585448868674745787877786667887985786796886698668598896887999956777757445687648467636373346757434422426222465513
451453156355565245654573574565634458467587744467576666768988577998857566666769697559855576597569877647487785448475774656634653344223255534444
153532253526664224277576474556375455866775875855599795685559956688569799955877778878868588595996848674448787685756475636365424262655554244353
412343465544322336343336454456376576645858686676567559655577985868555975768865996697876689758568645555558887776443554554473254662563544425351
544533533334265333426533535765356647464556565884867565896555569566665758787698868986798886559958644767867788845444346676657653266335634414354
411222116622536555542564746643347385644764775465887989865997599876795798697686967858678998856886465866845668763574677634536462426225565131253
533345531624622443554455447444376335655577477854788485569699799598989758559679788867687698678888847444758455455734546635736545465632363125115
132322413645246225522635677354673554488547786856478679675767787557886675657897876579789958568565674688484774445437657563424656664433334441414
535234351546226334625635645377746663478644854584876867896555878879699997767655878697886687768858857656754653477733764535345232322254414442232
315513314152663523425334665657755646658544485467887488778766686956698969867958957596976886465686848877547777436776663534625334524264441412334
223543153515645325432543756375673757654857875476785854458676877587668857897657577877885687787558756576575744667766474443522622423426543314552
332223155446446436262323675634573347574575577658575767774458446967677977558787977587776746576887758477635333455735477755342554663656351114234
442254241452256226652555677337347335656654446577758745445855567654978977767554864657888877564744478566537663733357767424544264423525524115541
355315213315636635226225667664364334765635574557445755487587664475844758688686755568667454476448748755455645755354665222622624554353521235352
343345523443432362446242622454765376545647775555674876867776587664654458645447575647557867856586785856453344536436473355425354453322344434351
531451442521143242222245666354776665746674768446764746574685856784778765587574858844854684546664646464765534454646724336243436245452234122341
421143114415135355253636566347564556765467666655454748857784556454788744444844775654875476547555746553374644763364622262622534333224241454315
152211154412232463425645426664746354334677375437577475756887667565567657885657455574568574668545637343363454535442263565533363564125535544243
241234421451413546652256553223675377535733353354378587686474747888584784775744766778568584757454574343466577665355323436246253543434323141555
124525541222513325534635562336464577765667673535663687847784786865645545467785756765878754853536656765463445633665534334246326612234324115424
123155221334551556535242345544533754447567656776764437465857778574588547688868745878845644436634763447346664633464263523355423411142221433533
341153515213232532246242524652245355466775557776567575576457644444764855566447486554878335746433746466577377463636364465553355455324343333341
134352113345531334532443566244255253654744337633477534634574546667687447686666456675565356375347345536363456242252422226564432244524245514512
233143151142555422215336536664565554366637653675766633637545463784867668456667585665337677736356746664653733464566655265623351413314213524211
143414443224113433314325463662423254243367776755376655535656664364636644657554734555335447643654576445735352652336533353325411332442555441422
231433433141315415242522533245656444263437466573675346547354676657754653663457366476533434333445466566463423226554224434663114255133453521131
424134231155131514334143643555423322342363334756755654446464535746467375767455667645365355734773477345644555544565354663432522113221354314133
232442423434344351442526325624252334555634565536344656353474547676377574553376336553647366534343377665654562322422236334515224443221455232232
421414313445452455341325525266222546662362334443676474655553466334544663374475565647535744746333734464222355322654263534143411135323531244423
124342434342351253121321465532636465234535363734674356777747743576353577656553744747646663375753463264623653436542463435134342252443231141243
331232324343551324224554335532623555656455245427435335374336777634577656367337433553764647365545565663632466644436253121554231355145142414424
432424231344215553454422325122254443626452456442556765443475455373534637647436363755577673344624433355445245233433431243511551435145124331221
142124133122554414435152414114436562656352522555363355455663555456453665675477733364374667325222446555354352544624251132222211355113112214124
243123214431425155452522213252342642534553242424444344653575567555543567374633677346543265624645663253552464452555134254524512323411142114231
133441411211412445143431553143423353352644463434562635554654436653447355357633434345365243626552554555655353263153425545512323135144143213324
414311124423332451545433511433333455252223452646555322456665224452546555767354333662265323424556633423536436242143342411542144111411322331441
143311344223123335522525431241345113555665536423355556323565542653666254336456354665665533434252463656564454411242235321331452241333133312143
224344133322343325121455142121511225345426345525662256354545332423226553443642333563566655466355342553556565551325542143333324143411233424442
323331122113223231534525115115115252332626532226223664466444265646452465634232563453236325345352244256632453223513243431442454341244214311443
113343113214113313222241341544255135124522634534336425356556545523536223453664352355633364332334564636212212121423241332432522322111222411313
231112213334113134413233431222552523351322354634343463552562266433325652632533652524523332323325465664431121254113123254223423223444334311412
131221434342111312344354151455541425112411332326455464463544262422335433453634253244662232423244655221133114152321154145533314442413311211233
332333421231222323132221544451113141524412342145353653265563322645653426332553453255244646336265221545513514453413332354434413244332313231322
123133231114233113231233143523344445535352151441563425262545644565454632464636256363426543644523152253133455211552133223433333222333334322311
233313114234433141144431132123112513233353243331154136226354454335426435435444242536264636331354244515235442444132113313213122214143144331211
213323231423313224424144443334514335224431541213124125546322433352324235626263532642663225131433543535535243113133144244341341123211411221121
222232332332224114433324432344435354253212335132132514234513243322462634456536625551125352353154515415435125241251142341412111123431211312122
331123332213323412231132321131145311222511255523244543254214411314532445451343123314155515253434515213432245422311112424411444343113122332213
